3844106,3888618 3225436,4052707
1380352,1857923 10411,2000000
272,1998931 10411,2000000
2119959,184595 2039500,-250317
1675775,2817868 2307516,3313037
2628344,2174105 3166783,2549046
2919046,3736158 3145593,4120490
16,2009884 10411,2000000
2504789,3988246 3145593,4120490
2861842,2428768 3166783,2549046
3361207,130612 2039500,-250317
831856,591484 -175938,1260620
3125600,1745424 3166783,2549046
21581,3243480 10411,2000000
2757890,3187285 2307516,3313037
3849488,2414083 3166783,2549046
3862221,757146 4552923,1057347
3558604,2961030 3166783,2549046
3995832,1706663 4552923,1057347
1082213,3708082 2307516,3313037
135817,1427041 -175938,1260620
2467372,697908 2039500,-250317
3448383,3674287 3225436,4052707
